2 0.500000 0.586111 0.046875 0.027778
2 0.430078 0.609722 0.028906 0.036111
2 0.308203 0.600694 0.019531 0.023611
2 0.245703 0.600000 0.017969 0.022222
2 0.278906 0.572917 0.020312 0.015278
2 0.916406 0.687500 0.025000 0.038889
2 0.989453 0.647917 0.021094 0.023611
2 0.701563 0.626389 0.017188 0.036111
2 0.618359 0.472222 0.030469 0.044444
2 0.305078 0.412500 0.021094 0.036111
2 0.975781 0.419444 0.020312 0.036111
2 0.636719 0.623611 0.020312 0.030556
2 0.573047 0.619444 0.022656 0.044444
2 0.593750 0.577083 0.015625 0.018056
