2 0.189063 0.118056 0.032812 0.050000
2 0.369531 0.177778 0.023438 0.038889
2 0.633984 0.129861 0.025781 0.040278
2 0.560938 0.207639 0.015625 0.023611
2 0.298047 0.211111 0.032031 0.041667
2 0.250391 0.220833 0.022656 0.041667
2 0.482422 0.181944 0.055469 0.058333
2 0.408594 0.302778 0.050000 0.061111
2 0.480469 0.322917 0.042188 0.054167
2 0.884375 0.387500 0.023438 0.027778
2 0.945703 0.444444 0.021094 0.030556
2 0.896484 0.447222 0.025781 0.033333
2 0.574609 0.162500 0.019531 0.033333
2 0.537891 0.172917 0.027344 0.040278
