2 0.189063 0.118056 0.032812 0.050000
2 0.369531 0.177778 0.023438 0.038889
2 0.633984 0.129861 0.025781 0.040278
2 0.560938 0.207639 0.015625 0.023611
2 0.298047 0.211111 0.032031 0.041667
2 0.250391 0.220833 0.022656 0.041667
2 0.940234 0.475694 0.028906 0.040278
2 0.988672 0.472222 0.021094 0.033333
2 0.576953 0.358333 0.022656 0.036111
2 0.612109 0.355556 0.021094 0.033333
2 0.577734 0.319444 0.016406 0.016667
2 0.409766 0.302778 0.055469 0.061111
2 0.467187 0.318750 0.050000 0.095833
2 0.420703 0.174306 0.033594 0.043056
2 0.460156 0.197222 0.043750 0.072222
2 0.516406 0.177083 0.028125 0.037500
2 0.572266 0.168750 0.025781 0.034722
