2 0.189063 0.118056 0.032812 0.050000
2 0.369531 0.177778 0.023438 0.038889
2 0.633984 0.129861 0.025781 0.040278
2 0.560938 0.207639 0.015625 0.023611
2 0.298047 0.211111 0.032031 0.041667
2 0.250391 0.220833 0.022656 0.041667
2 0.477734 0.315972 0.058594 0.059722
2 0.407422 0.302778 0.053906 0.058333
2 0.424219 0.175000 0.042188 0.058333
2 0.470703 0.195833 0.053906 0.066667
2 0.530078 0.171528 0.027344 0.037500
2 0.573828 0.166667 0.022656 0.036111
2 0.674219 0.339583 0.017188 0.023611
2 0.677734 0.380556 0.021094 0.036111
2 0.721875 0.379167 0.017188 0.038889
